0.37732,0.2666,0.22474,0.089366,0.02588,0.016084
0.39596,0.26608,0.20619,0.085601,0.028103,0.018071
0.38336,0.26773,0.20411,0.093096,0.031352,0.020357
0.38887,0.27737,0.18184,0.092993,0.035664,0.02326
0.38983,0.2713,0.2063,0.088406,0.027439,0.01672
0.36967,0.27416,0.21273,0.097616,0.028669,0.017155
0.35332,0.27663,0.22602,0.10328,0.026116,0.014634
0.36511,0.29832,0.19359,0.1021,0.026865,0.014013
0.37313,0.29166,0.19172,0.098082,0.029023,0.016379
0.38362,0.27738,0.19011,0.095025,0.033124,0.020735
0.37626,0.2996,0.18186,0.095812,0.02969,0.016786
0.36218,0.31292,0.18597,0.098183,0.026952,0.013791
0.34551,0.31541,0.19773,0.10428,0.025437,0.011623
0.32102,0.30435,0.2278,0.1116,0.025132,0.010089
0.34373,0.30312,0.2086,0.10895,0.024582,0.011013
0.28873,0.28055,0.27395,0.12253,0.024931,0.0093125
0.28384,0.27263,0.28085,0.1296,0.024234,0.0088527
0.312,0.27899,0.26049,0.1156,0.022764,0.010164
0.33402,0.26832,0.25598,0.10452,0.023783,0.013372
0.2891,0.26974,0.28865,0.11969,0.023973,0.0088449
0.37367,0.28904,0.20387,0.095864,0.02485,0.012695
0.34371,0.2944,0.2248,0.10226,0.023805,0.011038
0.31151,0.26688,0.27039,0.11126,0.026573,0.013397
0.30658,0.24883,0.31086,0.098662,0.02267,0.012393
0.2644,0.25883,0.31783,0.12603,0.024025,0.0088787
0.26633,0.24483,0.32749,0.13123,0.021618,0.0085029
0.3046,0.25715,0.29575,0.10913,0.02174,0.01163
0.29498,0.25323,0.31751,0.10487,0.019289,0.010124
0.27892,0.24775,0.33234,0.11193,0.019191,0.0098622
0.25949,0.24574,0.34372,0.12188,0.02092,0.0082452
0.25844,0.2387,0.36244,0.11336,0.018998,0.0080584
0.25178,0.21658,0.40623,0.098911,0.017876,0.0086257
0.27573,0.22896,0.37899,0.09073,0.016682,0.0089051
0.27621,0.23892,0.35393,0.10451,0.017591,0.0088331
0.26915,0.24787,0.34506,0.10992,0.020181,0.0078152
0.27352,0.22818,0.37457,0.096362,0.018425,0.0089454
0.25618,0.20739,0.42659,0.086098,0.015826,0.007907
0.27915,0.2148,0.40187,0.081053,0.015229,0.0079034
0.27971,0.212,0.39593,0.083845,0.018085,0.010428
0.28792,0.2208,0.37743,0.08447,0.018524,0.010865
0.29945,0.21891,0.37732,0.079534,0.015997,0.008791
0.31536,0.23479,0.33452,0.084516,0.019139,0.011678
0.30286,0.23077,0.35492,0.082189,0.018087,0.011166
0.33226,0.24178,0.3073,0.082184,0.021524,0.014956
0.32299,0.24067,0.31752,0.084546,0.020608,0.013674
0.35435,0.23935,0.28703,0.080601,0.022659,0.01601
0.37968,0.24979,0.24814,0.078093,0.025577,0.018728
0.35233,0.24231,0.28355,0.079874,0.024019,0.017917
0.31368,0.24603,0.32578,0.082619,0.019043,0.012852
0.30462,0.24509,0.33484,0.084818,0.018513,0.012118
0.3468,0.24631,0.28697,0.080497,0.022778,0.016647
0.29848,0.24609,0.33961,0.088353,0.017111,0.010363
0.29476,0.24723,0.34037,0.090722,0.017102,0.0098123
0.34258,0.24714,0.28975,0.08427,0.021668,0.014597
0.31284,0.24685,0.32535,0.088208,0.017175,0.0095701
0.32749,0.24945,0.29468,0.0918,0.022546,0.014026
0.35301,0.26318,0.24465,0.094745,0.027001,0.017412
0.38252,0.25664,0.22877,0.088778,0.02659,0.016709
0.40202,0.26128,0.20182,0.087009,0.029184,0.018686
0.38617,0.26085,0.20169,0.096556,0.033439,0.021298
0.39267,0.2731,0.17937,0.093172,0.037047,0.024647
0.39227,0.27916,0.18774,0.092333,0.030362,0.018132
0.38891,0.25916,0.22436,0.085292,0.02592,0.016364
0.36873,0.2658,0.21441,0.10244,0.030459,0.018156
0.35215,0.26971,0.23,0.10649,0.026843,0.014817
0.36293,0.28887,0.19831,0.10448,0.029697,0.015721
0.38324,0.27778,0.18437,0.098143,0.034909,0.021555
0.37426,0.30044,0.1813,0.097118,0.030042,0.01684
0.35896,0.31244,0.18794,0.10041,0.026976,0.013274
0.33059,0.30489,0.22066,0.10769,0.025438,0.010736
0.32236,0.30549,0.22325,0.11224,0.025996,0.010671
0.33755,0.29715,0.2168,0.11169,0.025556,0.011256
0.33615,0.25925,0.25908,0.10616,0.025129,0.014225
0.30526,0.2731,0.26843,0.11924,0.023965,0.010009
0.28605,0.27798,0.27782,0.12401,0.025122,0.0090237
0.29344,0.27137,0.28504,0.11774,0.023731,0.0086803
0.37401,0.28967,0.20195,0.09656,0.025101,0.01271
0.34642,0.29098,0.22545,0.1015,0.024246,0.011406
0.31218,0.26574,0.27193,0.11024,0.026489,0.013422
0.30612,0.24642,0.31554,0.097509,0.022236,0.012172
0.31517,0.25197,0.29152,0.10683,0.022336,0.012179
0.26797,0.25369,0.32027,0.12654,0.022964,0.0085645
0.27691,0.23838,0.34179,0.11502,0.019101,0.0088076
0.29097,0.24491,0.3227,0.11228,0.019543,0.0095925
0.2621,0.2475,0.34145,0.12,0.020973,0.0079676
0.25557,0.23782,0.36464,0.11414,0.019673,0.0081583
0.24973,0.21374,0.41291,0.097615,0.017598,0.0084054
0.27706,0.23511,0.35364,0.10833,0.017645,0.0082136
0.27105,0.22741,0.37357,0.10241,0.017286,0.0082699
0.27909,0.2233,0.382,0.09125,0.016065,0.0082998
0.28,0.22708,0.37111,0.094447,0.018312,0.0090563
0.26731,0.24176,0.3558,0.10728,0.019878,0.0079718
0.25499,0.20485,0.4315,0.084817,0.015821,0.0080235
0.2781,0.21095,0.40979,0.078693,0.014751,0.0077221
0.2682,0.20418,0.41772,0.083913,0.016742,0.0092512
0.29046,0.21334,0.382,0.085408,0.018246,0.01055
0.28925,0.21832,0.38241,0.083773,0.016704,0.0095397
0.29912,0.2186,0.37863,0.078876,0.015936,0.0088469
0.31183,0.22768,0.3454,0.085098,0.018776,0.011212
0.3015,0.22159,0.36593,0.082954,0.017569,0.010448
0.33544,0.23422,0.30971,0.082747,0.022384,0.015505
0.32404,0.23513,0.32316,0.083696,0.02049,0.01348
0.35946,0.2376,0.2799,0.081393,0.024389,0.017255
0.38497,0.24197,0.24631,0.080284,0.026992,0.019472
0.35794,0.23475,0.28172,0.081769,0.025293,0.018529
0.31141,0.23138,0.34227,0.083499,0.019009,0.012438
0.30708,0.23254,0.34459,0.086302,0.018123,0.011365
0.35592,0.23568,0.28293,0.083629,0.024359,0.017477
0.2983,0.23634,0.34731,0.091666,0.016871,0.0095071
0.31816,0.23665,0.32459,0.090356,0.018848,0.011392
0.36181,0.23974,0.27159,0.086308,0.024186,0.016367
0.31578,0.23964,0.32822,0.090305,0.017005,0.0090406
0.32717,0.2445,0.29512,0.094934,0.023752,0.01453
0.36132,0.25147,0.24983,0.091856,0.027415,0.0181
