0.319890044387298,0.241110658313464,0.319663909288387,0.0847495569723746,0.0207645299037218,0.0138213011347541
0.300198892482767,0.219637513677577,0.370396481919002,0.0820258424553987,0.0175961329703338,0.0101451364949222
0.311689791989935,0.230524061027565,0.346238101616423,0.0826094387028516,0.0180969003307914,0.0108417063324344
0.289428706035273,0.214452682879325,0.3806110514142,0.0842970990626659,0.0195196753326855,0.0116907852758496
0.280214355767868,0.214184339443843,0.402942713451044,0.0785166841135404,0.0155486838415976,0.0085932233821072
0.297394107951112,0.225302267687286,0.365599417424351,0.0843192156845976,0.0175252226841986,0.00985976856845436
0.284868857525484,0.231925687956803,0.371192448278854,0.0855053703577,0.0168371036047978,0.00967053227636072
0.263984170433443,0.213908623023606,0.406979562540019,0.0891222110555775,0.0170801417431839,0.00892529120417087
0.253326982925981,0.208430238503771,0.424275242252448,0.0895271774307122,0.0163737527829171,0.00806660610417088
0.307713786643643,0.245682599896184,0.328635215054379,0.0895158614716694,0.0179343086886772,0.0105182282454479
0.31330132889551,0.25032039316537,0.309403935275244,0.0949366260548286,0.0204458774094075,0.0115918391996395
0.315948883630111,0.25207847094652,0.300430846747026,0.0981464767169574,0.021028354024851,0.0123669679345347
0.310532868024877,0.267614892998405,0.274314621641077,0.113702094076927,0.0225817430733133,0.0112537801853997
0.271661487723971,0.256155599663324,0.308967548840379,0.13127730505119,0.0231483661896677,0.00878969253146809
0.284011243783318,0.270863814879477,0.29037243671268,0.121091969468948,0.0244343290320074,0.00922620612356948
0.30598370481395,0.240382394781632,0.340516200229627,0.0828895429183302,0.0183753952990532,0.0118527619574072
0.289765018242419,0.256598916914071,0.303557735675526,0.116823182766692,0.0218274254196161,0.0114277209816755
0.256622439723662,0.232053933957512,0.375616786405583,0.10907865384826,0.0184744166645081,0.00815376940047442
0.267447572633313,0.240888111149812,0.339276829922108,0.124969776856128,0.0195309190886694,0.00788679034997027
0.255551581488192,0.23815348377215,0.369095380647481,0.108980086537705,0.0199539302259136,0.00826553732855814
0.257441669025721,0.247408249921487,0.343302785692078,0.121382476806836,0.0217999893729172,0.00866482918096091
0.340122816614134,0.283457582397683,0.230584402674529,0.109049980056359,0.0244128530358933,0.0123723652214019
0.314490868372041,0.300470807657411,0.234432700216239,0.116608313697462,0.0244840938123789,0.00951321624446849
0.286568110435057,0.252918224467742,0.32385853961287,0.10685655335809,0.0193377730010534,0.0104607991251873
0.346179637410021,0.249684524750589,0.279385885560915,0.0866250802508721,0.0229549282725638,0.0151699437550388
0.350042324836399,0.268751747146239,0.243993373359946,0.0979835088599535,0.0247581443067809,0.0144709014906819
0.370674742010106,0.298722237227621,0.188935020333102,0.098825188643732,0.027815794747116,0.0150270170383232
0.339362338366011,0.297937054517347,0.223137900117287,0.104214617747295,0.0243443267502657,0.011003762501794
0.290824985626325,0.260089373143511,0.304059429723718,0.112649373667008,0.0227794720010048,0.00959736583843346
0.320354036514135,0.305875559716147,0.22721798456786,0.111581715254338,0.0251320618617531,0.00983864208576643
0.387922406067595,0.260862367727195,0.222172868222726,0.0850098857584979,0.0266947472419659,0.0173377249820203
0.363671505444978,0.244613656510011,0.269471473064997,0.0801078309089887,0.0244136424305043,0.0177218916405208
0.334381907014632,0.245824625632923,0.301706281983224,0.0807250008323995,0.0216930146294158,0.0156691699074055
0.270186317752878,0.240484951050684,0.349080267241849,0.113960830123859,0.0181292285231804,0.00815840530755032
0.36531493350307,0.28496392384059,0.203030308503483,0.102897651420695,0.0281924277095944,0.0156007550225677
0.256134340153907,0.219511298950655,0.39960550111282,0.0989202679461711,0.0176785890325304,0.00815000280391616
0.309468016073093,0.260886870573125,0.278941751100483,0.110378325182252,0.0265226531850879,0.0138023838859593
0.353462128984237,0.246407052812063,0.277043861634076,0.0819945802975912,0.0238034458936473,0.0172889303783858
0.311575493556496,0.247697383257832,0.328809293261943,0.0832848663967823,0.0174661345434312,0.0111668289835158
0.293946146810154,0.244928127934679,0.342773478026329,0.0901518253040282,0.0175571879233093,0.0106432340015011
0.278335166363176,0.239789933962487,0.352047445239092,0.102349984304362,0.0179424187546422,0.00953505137624049
0.370770491881832,0.268446016867863,0.225773474196751,0.0917997988188579,0.0266544558503136,0.0165557623843826
0.372483315738925,0.271790515397736,0.209795829545338,0.0971780485556128,0.0301094113248605,0.0186428794375275
0.380828040326326,0.288183694466532,0.193954688292971,0.0941908013330209,0.0275428783789711,0.0152998972021801
0.385505483730544,0.278428970427945,0.188453191065234,0.0936836393989212,0.033073108962392,0.0208556064149634
0.362505522056741,0.313275092640049,0.18332308515816,0.0984823237857249,0.0278510213575072,0.014562955001818
0.344753597785955,0.302716529229751,0.205907525463312,0.109620921253971,0.0252530500484268,0.0117483762185842
0.350853486698832,0.312165867584354,0.196340579341451,0.104477833761981,0.0248497417584973,0.0113124908548844
0.301765989138659,0.234003581799276,0.341073448208757,0.0908786960861723,0.0204821602751004,0.0117961244920351
0.281243579862383,0.243895714350116,0.342853944614611,0.102668495447692,0.0201838548307864,0.00915441089441192
0.322396822881622,0.234118495041832,0.325789098026311,0.0834668926429608,0.0205699040342187,0.0136587873730556
0.303846362903676,0.220026250870178,0.365120742613031,0.0830266726024276,0.0176491149175914,0.0103308560930961
0.298949751664584,0.22445275550788,0.364633502283373,0.0834716587043446,0.0177016371646537,0.0107906946751651
0.285227213311936,0.211283669163027,0.393526798557135,0.0825538040581208,0.0173753068489299,0.0100332080608517
0.280537782658952,0.212680212216855,0.40617655201395,0.0783664856584146,0.0146448113460669,0.00759415610576128
0.298959195483954,0.225252409050463,0.360535949302551,0.0864814665245419,0.018325031572403,0.0104459480660873
0.265727010243963,0.210173720241368,0.410560652514089,0.0889292322930632,0.0163119844900189,0.00829740021749796
0.24540224544128,0.204023737450572,0.43543318112025,0.0899631232118258,0.016758849198824,0.00841886357724814
0.316961599582935,0.238954567667854,0.321907507280355,0.0930861730406149,0.0185629482216957,0.0105272042065451
0.314176667266845,0.243225056004054,0.311373410269829,0.0979441081879949,0.0212796680540808,0.0120010902171968
0.326014837221613,0.246662691165118,0.290933509618241,0.100424670866202,0.0226271502720348,0.0133371408567914
0.309925868713226,0.261218016138342,0.279566830749984,0.114618409429617,0.0231851479654818,0.0114857270033488
0.291444879889771,0.264508391712897,0.288240301945727,0.123411549736619,0.0233438772181545,0.0090509994968313
0.26652543858007,0.256446913491612,0.313084966931197,0.131765285528132,0.0238268576661944,0.00835053780279513
0.261914431470165,0.256112167165823,0.327626352764586,0.124192650635712,0.0223167127157954,0.00783768524791898
0.286550352545827,0.271937526302198,0.288677100117129,0.119343603199633,0.0244160059315903,0.00907541190362366
0.284361964389015,0.226968829431652,0.37294935713756,0.0907768511466773,0.016253259655014,0.00868973824008201
0.276166029309003,0.244598547768586,0.327174465003823,0.122677290592273,0.0207350771375651,0.00864859018874961
0.268384262822045,0.239469437924354,0.349691211304187,0.116994919526097,0.0183407577247142,0.00711941069860316
0.255277873457236,0.231661332901917,0.376278897690344,0.109961452210997,0.0188125481906864,0.00800789554881941
0.258668985908647,0.245043575184545,0.35061018686715,0.115600151035096,0.0214533579847635,0.00862374301979933
0.337159599527607,0.276646818672209,0.235948166098628,0.111906584638742,0.0256674796079834,0.0126713514548306
0.308712548310732,0.295694323703111,0.242424469853578,0.118356418860802,0.0252254316652458,0.0095868076065309
0.291659983248804,0.236168837444845,0.34932429218329,0.0958227413948852,0.0174089013755073,0.00961524435266828
0.289710580145168,0.245625273194926,0.320978609562313,0.113091892389849,0.0202018672403301,0.0103917774674134
0.354991941461416,0.254000992343336,0.254354544000899,0.0948191889095101,0.0258239286670918,0.0160094046177478
0.298290376620773,0.263792579649899,0.292785600868741,0.111998585998386,0.0233004845717852,0.00983237229041643
0.324780173353955,0.299143737721743,0.231084706370326,0.109105815907862,0.0253110621053166,0.0105745045407972
0.392192267413454,0.2573430084555,0.218779808209208,0.0854756553000653,0.0279722427769442,0.0182370178448287
0.366579171183341,0.23731528285198,0.268929502440449,0.0817718075637115,0.0262651391494478,0.0191390968110713
0.275689722819728,0.237373100267021,0.342607657906161,0.115661210905321,0.0193718244612898,0.00929648364047949
0.268998345559469,0.230869821729136,0.366371611598898,0.10774566756028,0.0177953022043464,0.00821925134787092
0.387085163021571,0.271834979797481,0.185923734839175,0.0970075321637631,0.0355526813770223,0.0225959088009875
0.3670146381539,0.275874153796882,0.202060235519003,0.105158320887234,0.0319169890778078,0.017975662565173
0.367536485494694,0.292597742420705,0.191722370734148,0.102011239293397,0.0300299285885744,0.016102233468481
0.342655724254276,0.293905802130925,0.212396212788867,0.111815879996145,0.0267386243655061,0.0124877564642809
0.308684921183471,0.259242802312042,0.281885780566363,0.110092669676298,0.0263848943533293,0.0137089319084966
0.347615362009534,0.298843151284359,0.215006125747305,0.102300182820506,0.0247935532901997,0.0114416248480967
0.262865916764853,0.231126713590343,0.376973030279261,0.102185817683742,0.0187642378821864,0.00808428379961383
0.282333319315843,0.233842169880213,0.354172848989748,0.103494556196807,0.0174405918138972,0.00871651380349111
0.337413167089431,0.234312942849505,0.306762889573572,0.0838071297677265,0.0221744870764222,0.0155293836433432
0.3657966474744,0.239420426714803,0.267147605819699,0.0854499787910856,0.0249210440972963,0.0172642971027173
0.317095254308885,0.234812747157099,0.334472956148305,0.085965111804805,0.0172524323515132,0.0104014982293931
0.381058153264801,0.258919084821537,0.220768470615643,0.0921438951371249,0.0288433859149777,0.0182670102459166
0.3679527119131,0.2628056954651,0.21854211043303,0.101895681872665,0.0302731035862617,0.0185306967298429
0.380057531565246,0.288186488291149,0.192390783352879,0.0950345026856026,0.0284173955676302,0.0159132985374929
0.364920694726737,0.308890045436239,0.182302979252602,0.0988672784517914,0.029290624464581,0.0157283776680488
0.347973019081623,0.307565043749969,0.201090638277017,0.105657514264425,0.0259043969368263,0.0118093876901396
0.30087728330496,0.232739212570307,0.343434517840973,0.0908400224890523,0.0203665838449502,0.0117423799497569
0.285495404272116,0.241693389680107,0.341828421209751,0.101228007006903,0.0202656864627356,0.00948909136838676
